tは¥n tensor([0.5879, 0.6810, 0.5902, 0.5049, 0.8656, 0.8334, 0.9909, 0.0661, 0.8606,
        0.9195, 0.3480, 0.0320, 0.8252, 0.7097, 0.4941, 0.5116, 0.3160, 0.1078,
        0.3309, 0.8604, 0.2692, 0.9842, 0.4699, 0.4674, 0.9993, 0.3541, 0.7880,
        0.3424, 0.8175, 0.3107, 0.8792, 0.0787], device='cuda:0')
zの形はは¥n tensor([[[ 8.5350e-01,  6.2943e-01, -8.3380e-02,  ..., -5.2184e-01,
           6.4136e-01,  2.6368e+00],
         [ 1.5164e+00,  3.4751e-01, -2.6458e-01,  ..., -8.7445e-02,
          -9.6485e-03, -1.5361e+00],
         [-4.1395e-02, -2.5845e-01,  2.0684e+00,  ...,  4.6341e-01,
           1.0143e-01,  1.0280e+00],
         ...,
         [ 4.4008e-01,  1.4006e+00, -8.8447e-01,  ...,  2.1694e-01,
           2.4375e-01, -2.2334e-01],
         [ 1.3071e+00, -9.6703e-03, -3.6790e-01,  ..., -1.4672e+00,
          -1.0180e+00, -9.0005e-01],
         [-1.7544e+00, -1.7666e+00,  1.4528e+00,  ...,  1.0010e+00,
           4.0857e-02,  1.0247e+00]],

        [[ 7.4989e-01, -1.5243e+00,  1.1549e+00,  ..., -3.4547e-01,
           1.5703e+00, -6.7949e-01],
         [-2.9713e-01, -1.7008e-01, -1.0544e+00,  ...,  1.5586e-02,
          -2.7144e+00,  4.6685e-01],
         [ 1.1069e-01,  1.8805e-01, -5.9343e-01,  ..., -5.7163e-01,
           2.0019e+00, -5.4962e-01],
         ...,
         [ 7.8810e-02,  7.5573e-01, -2.5053e+00,  ..., -9.7548e-01,
          -1.2435e+00,  6.5918e-04],
         [-6.8360e-01, -1.2345e+00, -5.1903e-02,  ...,  1.0348e+00,
           2.5374e-01, -5.9297e-01],
         [ 4.4248e-01,  7.0318e-01, -4.1716e-02,  ..., -1.8009e-02,
          -2.0902e+00, -5.0847e-01]],

        [[ 2.4616e+00, -2.3128e+00, -4.8978e-01,  ...,  2.1164e+00,
          -6.0970e-01, -9.8764e-01],
         [-4.8145e-01, -1.0987e+00,  1.0659e+00,  ..., -1.0109e+00,
           1.1680e+00,  1.6221e-01],
         [ 5.3571e-01,  1.1900e+00,  1.3719e+00,  ..., -1.4512e-01,
          -4.9201e-01,  1.5340e+00],
         ...,
         [-7.4539e-01,  1.0950e+00,  6.8313e-01,  ...,  6.6826e-02,
           9.1325e-01, -3.3092e-01],
         [-1.1055e+00,  7.9568e-01, -1.4400e+00,  ...,  4.4301e-01,
           4.7759e-01, -5.2486e-01],
         [-4.7291e-01,  1.1034e+00, -5.4487e-01,  ...,  6.3425e-01,
          -4.9930e-01, -6.2972e-01]]], device='cuda:0')